Trial DM: 0 pc/cc, DM delays (ms): [0. 0. 0. 0. 0. 0. 0. 0. 0. 0. 0. 0. 0. 0. 0. 0.]...((0, 0), (0, 0), (0, 0))
((0, 0), (0, 0), (0, 0))
((0, 0), (0, 0), (0, 0))
((0, 0), (0, 0), (0, 0))
((0, 0), (0, 0), (0, 0))
((0, 0), (0, 0), (0, 0))
((0, 0), (0, 0), (0, 0))
((0, 0), (0, 0), (0, 0))
((0, 0), (0, 0), (0, 0))
((0, 0), (0, 0), (0, 0))
((0, 0), (0, 0), (0, 0))
((0, 0), (0, 0), (0, 0))
((0, 0), (0, 0), (0, 0))
((0, 0), (0, 0), (0, 0))
((0, 0), (0, 0), (0, 0))
((0, 0), (0, 0), (0, 0))
((0, 0), (0, 0), (0, 0))
((0, 0), (0, 0), (0, 0))
((0, 0), (0, 0), (0, 0))
((0, 0), (0, 0), (0, 0))
((0, 0), (0, 0), (0, 0))
((0, 0), (0, 0), (0, 0))
((0, 0), (0, 0), (0, 0))
((0, 0), (0, 0), (0, 0))
((0, 0), (0, 0), (0, 0))
((0, 0), (0, 0), (0, 0))
((0, 0), (0, 0), (0, 0))
((0, 0), (0, 0), (0, 0))
((0, 0), (0, 0), (0, 0))
((0, 0), (0, 0), (0, 0))
((0, 0), (0, 0), (0, 0))
((0, 0), (0, 0), (0, 0))
Done!
Trial DM: 100 pc/cc, DM delays (ms): [ 0.          6.46961524 12.69449155 18.68681935 24.4580394  30.01889746
 35.37949432 40.54933172 45.53735447 50.3519892  55.00117993 59.49242087
 63.83278668 68.02896028 72.08725864 76.01365656]...((0, 0), (0, 0), (0, 0))
((0, 0), (0, 0), (0, 0))
((0, 0), (0, 0), (0, 0))
((0, 0), (0, 0), (0, 1))
((0, 0), (0, 0), (0, 0))
((0, 0), (0, 0), (0, 1))
((0, 0), (0, 0), (0, 0))
((0, 0), (0, 0), (0, 1))
((0, 0), (0, 0), (0, 0))
((0, 0), (0, 0), (0, 1))
((0, 0), (0, 0), (0, 0))
((0, 0), (0, 0), (0, 1))
((0, 0), (0, 0), (0, 0))
((0, 0), (0, 0), (0, 1))
((0, 0), (0, 0), (0, 0))
((0, 0), (0, 0), (0, 1))
((0, 0), (0, 0), (0, 0))
((0, 0), (0, 0), (0, 1))
((0, 0), (0, 0), (0, 0))
((0, 0), (0, 0), (0, 1))
((0, 0), (0, 0), (0, 0))
((0, 0), (0, 0), (0, 1))
((0, 0), (0, 0), (0, 0))
((0, 0), (0, 0), (0, 1))
((0, 0), (0, 0), (0, 0))
((0, 0), (0, 0), (0, 1))
((0, 0), (0, 0), (0, 0))
((0, 0), (0, 0), (0, 1))
((0, 0), (0, 0), (0, 0))
((0, 0), (0, 0), (0, 1))
((0, 0), (0, 0), (0, 0))
((0, 0), (0, 0), (0, 1))
Done!
Starting dedispersion with 1 trials...
---> 0
Done!
Starting boxcar filtering with 2 trials...
Done!
---> 19790
Searching for candidates with S/N > 10000.0...
Done! Found 0 candidates
Starting dedispersion with 1 trials...
---> 0
Done!
Starting boxcar filtering with 2 trials...
Done!
---> 18906
Searching for candidates with S/N > 10000.0...
Done! Found 0 candidates
Trial DM: 0 pc/cc, DM delays (ms): [0. 0. 0. 0. 0. 0. 0. 0. 0. 0. 0. 0. 0. 0. 0. 0.]...((0, 0), (0, 0), (0, 0))
((0, 0), (0, 0), (0, 0))
((0, 0), (0, 0), (0, 0))
((0, 0), (0, 0), (0, 0))
((0, 0), (0, 0), (0, 0))
((0, 0), (0, 0), (0, 0))
((0, 0), (0, 0), (0, 0))
((0, 0), (0, 0), (0, 0))
((0, 0), (0, 0), (0, 0))
((0, 0), (0, 0), (0, 0))
((0, 0), (0, 0), (0, 0))
((0, 0), (0, 0), (0, 0))
((0, 0), (0, 0), (0, 0))
((0, 0), (0, 0), (0, 0))
((0, 0), (0, 0), (0, 0))
((0, 0), (0, 0), (0, 0))
((0, 0), (0, 0), (0, 0))
((0, 0), (0, 0), (0, 0))
((0, 0), (0, 0), (0, 0))
((0, 0), (0, 0), (0, 0))
((0, 0), (0, 0), (0, 0))
((0, 0), (0, 0), (0, 0))
((0, 0), (0, 0), (0, 0))
((0, 0), (0, 0), (0, 0))
((0, 0), (0, 0), (0, 0))
((0, 0), (0, 0), (0, 0))
((0, 0), (0, 0), (0, 0))
((0, 0), (0, 0), (0, 0))
((0, 0), (0, 0), (0, 0))
((0, 0), (0, 0), (0, 0))
((0, 0), (0, 0), (0, 0))
((0, 0), (0, 0), (0, 0))
Done!
Trial DM: 100 pc/cc, DM delays (ms): [ 0.          6.46961524 12.69449155 18.68681935 24.4580394  30.01889746
 35.37949432 40.54933172 45.53735447 50.3519892  55.00117993 59.49242087
 63.83278668 68.02896028 72.08725864 76.01365656]...((0, 0), (0, 0), (0, 0))
((0, 0), (0, 0), (0, 0))
((0, 0), (0, 0), (0, 0))
((0, 0), (0, 0), (0, 1))
((0, 0), (0, 0), (0, 0))
((0, 0), (0, 0), (0, 1))
((0, 0), (0, 0), (0, 0))
((0, 0), (0, 0), (0, 1))
((0, 0), (0, 0), (0, 0))
((0, 0), (0, 0), (0, 1))
((0, 0), (0, 0), (0, 0))
((0, 0), (0, 0), (0, 1))
((0, 0), (0, 0), (0, 0))
((0, 0), (0, 0), (0, 1))
((0, 0), (0, 0), (0, 0))
((0, 0), (0, 0), (0, 1))
((0, 0), (0, 0), (0, 0))
((0, 0), (0, 0), (0, 1))
((0, 0), (0, 0), (0, 0))
((0, 0), (0, 0), (0, 1))
((0, 0), (0, 0), (0, 0))
((0, 0), (0, 0), (0, 1))
((0, 0), (0, 0), (0, 0))
((0, 0), (0, 0), (0, 1))
((0, 0), (0, 0), (0, 0))
((0, 0), (0, 0), (0, 1))
((0, 0), (0, 0), (0, 0))
((0, 0), (0, 0), (0, 1))
((0, 0), (0, 0), (0, 0))
((0, 0), (0, 0), (0, 1))
((0, 0), (0, 0), (0, 0))
((0, 0), (0, 0), (0, 1))
Done!
Starting dedispersion with 1 trials...
---> 0
Done!
Starting boxcar filtering with 2 trials...
Done!
---> 11978
Searching for candidates with S/N > 10000.0...
Done! Found 0 candidates
Starting dedispersion with 1 trials...
---> 0
Done!
Starting boxcar filtering with 2 trials...
Done!
---> 11786
Searching for candidates with S/N > 10000.0...
Done! Found 0 candidates
Trial DM: 0 pc/cc, DM delays (ms): [0. 0. 0. 0. 0. 0. 0. 0. 0. 0. 0. 0. 0. 0. 0. 0.]...((0, 0), (0, 0), (0, 0))
((0, 0), (0, 0), (0, 0))
((0, 0), (0, 0), (0, 0))
((0, 0), (0, 0), (0, 0))
((0, 0), (0, 0), (0, 0))
((0, 0), (0, 0), (0, 0))
((0, 0), (0, 0), (0, 0))
((0, 0), (0, 0), (0, 0))
((0, 0), (0, 0), (0, 0))
((0, 0), (0, 0), (0, 0))
((0, 0), (0, 0), (0, 0))
((0, 0), (0, 0), (0, 0))
((0, 0), (0, 0), (0, 0))
((0, 0), (0, 0), (0, 0))
((0, 0), (0, 0), (0, 0))
((0, 0), (0, 0), (0, 0))
((0, 0), (0, 0), (0, 0))
((0, 0), (0, 0), (0, 0))
((0, 0), (0, 0), (0, 0))
((0, 0), (0, 0), (0, 0))
((0, 0), (0, 0), (0, 0))
((0, 0), (0, 0), (0, 0))
((0, 0), (0, 0), (0, 0))
((0, 0), (0, 0), (0, 0))
((0, 0), (0, 0), (0, 0))
((0, 0), (0, 0), (0, 0))
((0, 0), (0, 0), (0, 0))
((0, 0), (0, 0), (0, 0))
((0, 0), (0, 0), (0, 0))
((0, 0), (0, 0), (0, 0))
((0, 0), (0, 0), (0, 0))
((0, 0), (0, 0), (0, 0))
Done!
Trial DM: 100 pc/cc, DM delays (ms): [ 0.          6.46961524 12.69449155 18.68681935 24.4580394  30.01889746
 35.37949432 40.54933172 45.53735447 50.3519892  55.00117993 59.49242087
 63.83278668 68.02896028 72.08725864 76.01365656]...((0, 0), (0, 0), (0, 0))
((0, 0), (0, 0), (0, 0))
((0, 0), (0, 0), (0, 0))
((0, 0), (0, 0), (0, 1))
((0, 0), (0, 0), (0, 0))
((0, 0), (0, 0), (0, 1))
((0, 0), (0, 0), (0, 0))
((0, 0), (0, 0), (0, 1))
((0, 0), (0, 0), (0, 0))
((0, 0), (0, 0), (0, 1))
((0, 0), (0, 0), (0, 0))
((0, 0), (0, 0), (0, 1))
((0, 0), (0, 0), (0, 0))
((0, 0), (0, 0), (0, 1))
((0, 0), (0, 0), (0, 0))
((0, 0), (0, 0), (0, 1))
((0, 0), (0, 0), (0, 0))
((0, 0), (0, 0), (0, 1))
((0, 0), (0, 0), (0, 0))
((0, 0), (0, 0), (0, 1))
((0, 0), (0, 0), (0, 0))
((0, 0), (0, 0), (0, 1))
((0, 0), (0, 0), (0, 0))
((0, 0), (0, 0), (0, 1))
((0, 0), (0, 0), (0, 0))
((0, 0), (0, 0), (0, 1))
((0, 0), (0, 0), (0, 0))
((0, 0), (0, 0), (0, 1))
((0, 0), (0, 0), (0, 0))
((0, 0), (0, 0), (0, 1))
((0, 0), (0, 0), (0, 0))
((0, 0), (0, 0), (0, 1))
Done!
Starting dedispersion with 2 trials...
---> 0
Done!
Starting boxcar filtering with 2 trials...
Done!
---> 23686
Searching for candidates with S/N > 10000.0...
Done! Found 0 candidates
Trial DM: 0 pc/cc, DM delays (ms): [0. 0. 0. 0. 0. 0. 0. 0. 0. 0. 0. 0. 0. 0. 0. 0.]...((0, 0), (0, 0), (0, 0))
((0, 0), (0, 0), (0, 0))
((0, 0), (0, 0), (0, 0))
((0, 0), (0, 0), (0, 0))
((0, 0), (0, 0), (0, 0))
((0, 0), (0, 0), (0, 0))
((0, 0), (0, 0), (0, 0))
((0, 0), (0, 0), (0, 0))
((0, 0), (0, 0), (0, 0))
((0, 0), (0, 0), (0, 0))
((0, 0), (0, 0), (0, 0))
((0, 0), (0, 0), (0, 0))
((0, 0), (0, 0), (0, 0))
((0, 0), (0, 0), (0, 0))
((0, 0), (0, 0), (0, 0))
((0, 0), (0, 0), (0, 0))
((0, 0), (0, 0), (0, 0))
((0, 0), (0, 0), (0, 0))
((0, 0), (0, 0), (0, 0))
((0, 0), (0, 0), (0, 0))
((0, 0), (0, 0), (0, 0))
((0, 0), (0, 0), (0, 0))
((0, 0), (0, 0), (0, 0))
((0, 0), (0, 0), (0, 0))
((0, 0), (0, 0), (0, 0))
((0, 0), (0, 0), (0, 0))
((0, 0), (0, 0), (0, 0))
((0, 0), (0, 0), (0, 0))
((0, 0), (0, 0), (0, 0))
((0, 0), (0, 0), (0, 0))
((0, 0), (0, 0), (0, 0))
((0, 0), (0, 0), (0, 0))
Done!
Trial DM: 100 pc/cc, DM delays (ms): [ 0.          6.46961524 12.69449155 18.68681935 24.4580394  30.01889746
 35.37949432 40.54933172 45.53735447 50.3519892  55.00117993 59.49242087
 63.83278668 68.02896028 72.08725864 76.01365656]...((0, 0), (0, 0), (0, 0))
((0, 0), (0, 0), (0, 0))
((0, 0), (0, 0), (0, 0))
((0, 0), (0, 0), (0, 1))
((0, 0), (0, 0), (0, 0))
((0, 0), (0, 0), (0, 1))
((0, 0), (0, 0), (0, 0))
((0, 0), (0, 0), (0, 1))
((0, 0), (0, 0), (0, 0))
((0, 0), (0, 0), (0, 1))
((0, 0), (0, 0), (0, 0))
((0, 0), (0, 0), (0, 1))
((0, 0), (0, 0), (0, 0))
((0, 0), (0, 0), (0, 1))
((0, 0), (0, 0), (0, 0))
((0, 0), (0, 0), (0, 1))
((0, 0), (0, 0), (0, 0))
((0, 0), (0, 0), (0, 1))
((0, 0), (0, 0), (0, 0))
((0, 0), (0, 0), (0, 1))
((0, 0), (0, 0), (0, 0))
((0, 0), (0, 0), (0, 1))
((0, 0), (0, 0), (0, 0))
((0, 0), (0, 0), (0, 1))
((0, 0), (0, 0), (0, 0))
((0, 0), (0, 0), (0, 1))
((0, 0), (0, 0), (0, 0))
((0, 0), (0, 0), (0, 1))
((0, 0), (0, 0), (0, 0))
((0, 0), (0, 0), (0, 1))
((0, 0), (0, 0), (0, 0))
((0, 0), (0, 0), (0, 1))
Done!
Starting dedispersion with 2 trials...
---> 0
Done!
Starting boxcar filtering with 2 trials...
Done!
---> 23772
Searching for candidates with S/N > 10000.0...
Done! Found 0 candidates
Trial DM: 0 pc/cc, DM delays (ms): [0. 0. 0. 0. 0. 0. 0. 0. 0. 0. 0. 0. 0. 0. 0. 0.]...((0, 0), (0, 0), (0, 0))
((0, 0), (0, 0), (0, 0))
((0, 0), (0, 0), (0, 0))
((0, 0), (0, 0), (0, 0))
((0, 0), (0, 0), (0, 0))
((0, 0), (0, 0), (0, 0))
((0, 0), (0, 0), (0, 0))
((0, 0), (0, 0), (0, 0))
((0, 0), (0, 0), (0, 0))
((0, 0), (0, 0), (0, 0))
((0, 0), (0, 0), (0, 0))
((0, 0), (0, 0), (0, 0))
((0, 0), (0, 0), (0, 0))
((0, 0), (0, 0), (0, 0))
((0, 0), (0, 0), (0, 0))
((0, 0), (0, 0), (0, 0))
((0, 0), (0, 0), (0, 0))
((0, 0), (0, 0), (0, 0))
((0, 0), (0, 0), (0, 0))
((0, 0), (0, 0), (0, 0))
((0, 0), (0, 0), (0, 0))
((0, 0), (0, 0), (0, 0))
((0, 0), (0, 0), (0, 0))
((0, 0), (0, 0), (0, 0))
((0, 0), (0, 0), (0, 0))
((0, 0), (0, 0), (0, 0))
((0, 0), (0, 0), (0, 0))
((0, 0), (0, 0), (0, 0))
((0, 0), (0, 0), (0, 0))
((0, 0), (0, 0), (0, 0))
((0, 0), (0, 0), (0, 0))
((0, 0), (0, 0), (0, 0))
Done!
Trial DM: 100 pc/cc, DM delays (ms): [ 0.          6.46961524 12.69449155 18.68681935 24.4580394  30.01889746
 35.37949432 40.54933172 45.53735447 50.3519892  55.00117993 59.49242087
 63.83278668 68.02896028 72.08725864 76.01365656]...((0, 0), (0, 0), (0, 0))
((0, 0), (0, 0), (0, 0))
((0, 0), (0, 0), (0, 0))
((0, 0), (0, 0), (0, 1))
((0, 0), (0, 0), (0, 0))
((0, 0), (0, 0), (0, 1))
((0, 0), (0, 0), (0, 0))
((0, 0), (0, 0), (0, 1))
((0, 0), (0, 0), (0, 0))
((0, 0), (0, 0), (0, 1))
((0, 0), (0, 0), (0, 0))
((0, 0), (0, 0), (0, 1))
((0, 0), (0, 0), (0, 0))
((0, 0), (0, 0), (0, 1))
((0, 0), (0, 0), (0, 0))
((0, 0), (0, 0), (0, 1))
((0, 0), (0, 0), (0, 0))
((0, 0), (0, 0), (0, 1))
((0, 0), (0, 0), (0, 0))
((0, 0), (0, 0), (0, 1))
((0, 0), (0, 0), (0, 0))
((0, 0), (0, 0), (0, 1))
((0, 0), (0, 0), (0, 0))
((0, 0), (0, 0), (0, 1))
((0, 0), (0, 0), (0, 0))
((0, 0), (0, 0), (0, 1))
((0, 0), (0, 0), (0, 0))
((0, 0), (0, 0), (0, 1))
((0, 0), (0, 0), (0, 0))
((0, 0), (0, 0), (0, 1))
((0, 0), (0, 0), (0, 0))
((0, 0), (0, 0), (0, 1))
Done!
Starting dedispersion with 2 trials...
---> 0
Done!
Starting boxcar filtering with 2 trials...
Done!
---> 23790
Searching for candidates with S/N > 10000.0...
Done! Found 0 candidates
